96
68 70
53 66
79 57
74 10
15 83
62 77
65 75
78 51
75 32
69 58
36 27
38 11
34  1
76 80
91  0
54 90
86 11
51 11
91 19
10 11
78 69
71  0
94 74
62 45
95  8
34 34
89 25
 3 15
 0 80
76 28
49 95
68 10
83 54
69  0
 6 76
47 91
89 10
38 82
67 17
 6 30
11 88
76 67
57 78
62 42
66 60
89 90
90 10
69  2
92 16
42 86
 4 26
74 20
61 78
95  1
68 46
23 86
50 78
22 90
35 47
61 84
 4 83
42 18
35 40
14 84
42 23
71 43
77 42
 7 14
64 94
65 34
13 82
45 69
62 47
 9 62
52 29
 3 63
78 75
38 32
84 49
65 89
37  6
48 85
75 10
34 32
42 91
 9 59
74 82
88 93
80 47
51 77
31  6
 6 95
82 36
13 69
43 19
95 69
72 82
 3  9
64 11
61 93
56 86
10 31
59 21
43 36
78 42
65 57
82 11
43  7
66 86
48 91
44 87
71 66
 0 36
28 85
33 81
23 92
88 95
74 69
69 30
33  8
33 11
78 59
95 95
86 92
 3 92
46  6
71 41
 4 39
20 86
11 28
41 53
36 28
14 13
73  2
 9 83
34 53
 2 85
 1 83
90 41
75 25
64 45
 6 91
80 90
86 94
47 31
83 59
74 31
 3 55
79  1
11 85
 5  6
70 74
70 65
34 89
52 23
62 81
69 29
88 67
77 71
59 77
95 86
63 12
54  4
50 76
43 73
95 10
11 29
94 72
70 45
75 86
 0 21
 3 38
 0 90
 4 70
10 12
50 65
80 52
93 84
45 81
 5 93
 3 74
67 33
45 30
 9 64
74 21
40 65
85 94
23 83
 1 52
36 18
73 43
 0 63
78 31
64 25
44 19
93 77
13  5
53 77
72 49
 8 20
86  7
65 88
53 46
60 43
41  4
59 15
51 15
 7 95
60 47
82 21
 1 10
46 66
75 80
10 14
55 67
85 78
43 58
49  5
26 11
60 44
49 15
 4 80
82 59
50 19
93 75
42 81
35 45
38 35
 2  6
76 95
52 89
89 32
 1 20
15 12
80 58
12  0
65 47
80 26
45 79
41 16
41 11
91  2
93 66
73 83
87 35
81 84
76  4
90 14
68 66
40 95
47  5
 0 29
95 68
43 16
58 77
22 83
51 69
42 60
21 12
55 76
63 85
36 55
44 92
41 60
46 13
84 20
85 83
61 41
87 52
35 83
43 57
83  3
78 44
 2 67
62 93
89 95
56 95
77 41
79 21
 8 89
35 57
95 24
72 38
 4 12
47 22
92 18
93 42
81 75
57 79
68 37
44 11
91  6
 0 71
82 80
11 75
73  7
47 28
 3  7
68 83
51 84
85 76
78 92
79 62
75 43
84 78
83 95
42  5
54 12
 4 25
44 89
46 85
72  4
53 18
 7 63
19  8
12  1
59 14
80  7
91 89
40 30
92  5
21 85
36 19
28 12
38 57
95 84
61 53
43 27
39 54
 2 16
82 92
 3 71
 7 84
91  1
36 85
77 25
37 56
93 50
38 51
45 95
 0 79
87 29
20 83
85 58
75 21
42 92
26 94
31 88
70 77
76 23
 6 28
 4 72
38 85
32  7
56 11
59 49
85  4
69 62
87 46
41 65
34  5
27 10
42  7
34 25
 4 19
 4 58
93 40
43 26
29  7
32 81
54 86
57 71
46 89
29 83
79 66
41 26
93 58
47 72
44 76
92 29
 9 35
82 54
72 87
77 61
43 32
38 19
34 71
 4 34
 4 91
67 85
49 33
31  9
36  4
76 79
49  0
57 75
76 35
 5 61
55  7
52 93
75 71
 1 56
58 49
67 19
57 48
92 33
75 16
59 84
26  1
49  7
78 85
72 70
 8 56
 7 35
73  4
 2  2
66 38
61 50
84 90
67 87
15 94
48 60
63 93
61 45
24 86
12 21
 4 14
84 66
72  7
35 29
71 22
85 48
36 92
11  9
35 74
 4 88
67 20
 2 58
21 94
13  0
89  0
13  8
77 78
82 44
45 28
24 13
54 17
55 70
47 73
 3 17
44 16
57 11
32  8
60 13
41 30
67 32
82 76
27 84
38 87
41 76
74  1
84 42
35 27
80 57
46 93
64 69
 7  1
30 11
92 74
21 10
 6 89
67 47
70  0
65 81
 5 82
90 39
 8 30
 9 68
25  0
80 34
95 27
92 50
38 10
74 45
91 48
58  6
 6 69
38 74
70 60
78 71
62 85
92  9
34 17
45 10
87 84
57 92
56 26
 8 36
29 95
 7 33
70 47
42 30
73 52
92 43
46 23
40 77
10 13
71 57
 3 69
17  8
38 52
91 41
72 83
56 84
44 69
 7 64
 1 79
66 67
88 25
 9 33
72  2
73 11
17 90
77 22
 1 72
45 17
32 93
49 11
32 88
70  1
90  6
78 22
70 29
42 15
21  2
79 46
34 27
23  0
14  0
29 86
55 91
90 81
73 85
93 87
95 13
36 41
72 66
38 77
63 49
 1 91
22 89
79 75
56 77
 6  8
18  2
88 54
49 93
14 11
69  6
69 64
72 72
64 87
68 59
17  3
29  3
 9 15
31 13
88 48
 8 93
61  0
24 89
 5 15
61  4
 7 57
44 75
42  9
29 11
62 74
14 90
 6  3
25 88
75 61
 9 14
49 68
75  0
75 92
79 65
70 43
90 29
36 31
90 84
77 75
51 78
74 67
81 94
49 61
30  3
 2 89
87 15
63 50
44 20
94 23
53 94
59 48
 6 17
69 89
 9 75
40 14
64 93
70 89
34 12
92 73
41 32
68 32
32  5
62 71
11 81
40 37
93 95
59 83
 0 18
36 65
63  2
91 52
69 66
87 40
51 76
95 16
77 70
61  3
47 88
75 45
 8 11
86 15
93 49
58  0
 8 73
51 21
40 29
 4 74
65 19
 7 59
50 22
70 94
 0 27
82 35
72 90
89 82
83  0
91 17
 0 43
40 90
80 66
75  6
69 47
43 38
 6 14
88  1
16 14
 6 93
37 13
91 74
59 20
77 36
34  9
75 90
78 28
44 74
33  3
 4 24
90 48
71 18
92 22
 5 23
56 91
91 24
30  1
66 90
62 90
37 19
 3 19
37 80
81 22
88 70
 5 89
55 21
73 61
74 95
10 87
67 61
91 95
76 49
93 80
38 34
73 89
45 32
17  7
42 84
60  1
87 12
44  2
80 83
73 26
34 59
90  5
13 85
92  3
57 69
77 52
64 44
74 26
42 27
 1 58
34 47
44 23
61 77
27 86
43 89
45 83
75 51
 5 84
70 73
82 53
70 55
24 87
 5 34
42  2
22  3
19 10
72 42
 9 21
 8 82
31  0
86 31
18 12
91 58
 0 67
75 74
 8 18
68 94
 0  8
 8  1
 4 77
66 43
59  2
72 65
 9 76
76 15
95 82
49 13
42 54
43 71
76 44
 9 18
14  8
94 89
 8 24
33  1
 1 34
41  2
55 18
 1 84
26 82
77 73
65 13
38 65
 2 39
66 49
92 15
27  0
 7 73
79 49
10 70
83 84
74 55
41 87
52 92
 2 42
 0 73
 8 22
81  0
71 58
 0 88
 2 68
71 93
18 91
66 37
92 82
 5 58
43  4
 5 78
36 72
40 88
60 55
46 88
70 56
78 58
34 85
42 12
45 31
37  7
90 75
93 35
17 87
17 83
53  0
44 59
74 83
94 18
84 26
 5 35
87 43
44 86
53  7
53 12
37 81
 2 88
45 57
91 60
 0 45
72 23
75 52
63 25
19 86
49 27
68  4
39 57
69 35
 2 54
41 59
66 83
78 80
24  0
39 86
68  6
50 79
63 46
10 94
68 79
83 39
55 78
64 90
95  6
 9 61
64 26
93  1
37 15
 1 57
63 44
64 58
94  5
37 86
74 51
87 44
73  3
91 92
36 48
78 43
71 15
 1 49
39 30
 2  9
40 86
89 36
 5 60
63 54
62 51
77 64
76 51
49 30
73 64
22  0
20 10
85 16
73 27
61 89
62 57
56 47
39 91
 9 27
90  0
 9 58
31 86
80 60
43 75
12 13
89 86
36  0
60 49
73 58
76 50
46 61
 2 30
69  9
87 34
22  8
79 47
64 22
20 93
39 43
 1 23
32 12
45 65
 5 16
 6 71
95  4
43 84
71 52
82 58
 3 22
61 76
 3 12
92  4
20  3
81 78
 3 64
94 94
 8  9
57  6
75 58
 0 65
76 73
24  6
11 18
86  3
81 21
91 66
51 13
10 90
52 66
50  2
35 63
 1 62
41 85
28 83
 9 67
79 59
64 36
93 63
69 60
64 49
34  7
83 82
39 42
57  7
 7 79
16  5
47 13
45 19
40  6
90 78
 6 22
10  5
92 95
34 76
87 82
 5  8
82 73
74 47
72 74
75 38
85  3
 8 37
46 73
54  9
14 85
42 58
 7 60
63 80
78 95
88 91
87 81
70  5
93 94
86  2
64 77
36  6
37 25
46 75
 8 77
50 29
86 65
87 38
85 61
67  6
83 13
43 76
37 54
66 13
82  1
 9 20
75 79
60 73
 7  4
10 61
46 19
81 11
27 93
71 40
84 31
 1 89
 5 87
 2 22
78 55
90  7
12 87
86 16
74 32
50 18
87 59
82  4
82 15
69 24
45  9
52 68
 4  1
35 89
49 88
44 18
77 74
 0 74
20 87
55  1
93 91
50 72
20 89
74  9
63 18
69 86
52 70
47 27
67 10
55 19
81 76
38  0
85 11
11  3
94 21
78  0
41  9
93 59
32  1
86 20
56 82
47 85
91 84
72 19
83 79
85 24
93 60
69 73
70 27
31  4
94 22
75 24
80 40
60 51
74 94
49 87
47  1
68 74
89 72
18  9
94 79
66 54
37 76
94 84
33 83
 4 93
84 38
 4 81
90 11
48 63
11 71
89 20
89 67
44 70
45 82
16 84
 7 61
75  2
14 92
 1 45
21 82
 1 30
 7 26
91  3
79 72
34 14
94 12
90 44
 4 35
70 87
92 72
45 73
69 83
 5 74
41 15
34 74
63 22
 3 52
 7 31
83 70
19  7
35 24
16  3
90  3
87 71
35 55
17 12
84 80
 5 25
65 16
85 21
22 88
52 73
58 95
29  2
95 34
13 93
58 16
91 20
67 55
61 56
25  1
86 18
39 73
 1 26
45 35
61 75
46 90
66 76
47 35
63 74
56 88
52 30
39 72
82  9
58 86
10 69
38 36
79 25
40 40
94 27
 0  5
92 79
85  0
94  0
12 86
58 18
57 85
80 42
85 36
 1  4
53 22
 4 92
58 74
 7 66
95 22
54 77
11 10
80 56
13 92
50 69
77 47
77 58
57 73
11 30
69 51
16 86
38 41
52 77
32 95
62 17
54 14
73 66
28 89
47 32
81  7
19 83
 4 29
66 55
30 87
50 32
17 88
15  0
16 12
 3 14
40  3
47 95
91 77
93 23
 3 27
37 57
46 83
60 12
 2 72
35 68
37 85
10 17
91 32
56 51
 6  2
 0 56
54  2
 3 82
70 93
84  4
39 34
59 76
86  0
54 80
 8  6
 5 88
 7 19
82 22
71  1
80  3
68 68
20  2
51  9
58 22
82 37
34 81
71  2
59 16
78 62
 3 95
 3 18
 5 54
54 85
 8 64
 7 25
 0 72
42 64
38 17
81 45
51 91
 4 18
19  6
 4 62
75 85
24 92
32 94
15 87
66 40
87 66
60 20
41 40
10  3
67  5
19 94
84 65
90 77
87  5
10 92
47 63
48 74
81 89
 8 83
69 16
18 11
39 24
85 84
77 60
87 49
 0 40
13 95
 0 76
66 84
15 93
76 16
57 18
 3 75
92 77
40 94
23  4
77 46
 8 71
62 20
 8  2
94 10
47 59
38 40
74 30
37 26
87 58
69 42
 0 64
54 78
 8 72
37 64
84  6
56 75
44 24
 5 94
 0 15
75 89
26 93
 7 18
56 74
58 91
36 90
50  9
73 51
38 91
86 76
74 46
26 13
56 14
34 68
50 93
 3 93
17  4
 9 26
91 21
52 18
 9 13
63 11
46 58
95 58
74 68
94 19
52 28
52  2
76 81
93 57
55 68
84 58
11 31
90 66
42 82
46 69
13 91
21  5
 7 67
70 84
 8 91
85 10
74 24
55 95
70 92
82 71
43 66
77 89
 0 68
 4 17
44 62
74 88
42 37
91 67
66 78
21 93
 7  6
51 31
60 72
51 22
 6 61
63 37
31 81
12 10
82 88
 9 80
83  9
64 52
52 83
46 15
73 86
95 71
60 22
82 18
41  3
61  1
47 11
53 95
36  7
93 82
95 85
76 21
82 68
68 49
94 73
45  4
87 23
 7 21
12 95
68 69
 9  9
51 72
76 30
 7 89
 0  9
11 63
53 78
40 73
38 86
24 10
92 28
58 79
84 45
92  8
27 91
 6 74
 3 56
 7  0
66 11
40 15
51  5
41 28
85 82
40 83
 1 78
84 52
68 19
71 83
 3 20
50 89
77 76
54 79
66 61
57 74
74 60
27 12
77 56
84 93
73 41
 4 20
19 89
93 37
28 86
69 75
37 84
38 38
51 70
55 50
93 54
61 83
35 16
74 84
71 26
 4 36
74 41
66 50
 8 79
50 92
61 21
68 12
42 26
38 95
12 30
39 76
23 84
33 88
25 10
 2 37
47 68
45 90
71 38
64 38
 3 31
42  3
10 78
17  6
 8 60
42 93
13  1
48  9
62 14
 5 95
54 46
39  0
82 40
 3  8
83 47
71 45
64 56
68 28
87 24
 0  0
42 70
10 82
 6 72
 9  2
 8 15
32 10
37 62
65 55
45 74
80 11
10 29
39 12
93 26
26 12
60 85
43 80
89 53
92 76
71 79
41 37
93 32
30  0
 6 64
57 70
60 39
 3 83
77  4
91 80
83 46
34 20
95 61
64  4
84 63
75 46
 4 28
56  5
41 54
89 38
72 52
 7 37
35 77
69 43
10 59
 7 75
64 20
86 86
69 15
60 50
 7 13
16 83
 3 77
66 22
34 37
76 19
39 69
41 84
34 29
67 66
35 39
77 69
85 69
13  3
 1 92
42 80
60 45
91 34
29 82
50 66
21 13
 5 19
88 63
55 85
 3 10
 1 64
69 65
 0  4
48  4
71 27
60 42
 8  5
 8 85
14 95
35 17
27  1
78 61
10 24
45 36
50 63
64 15
87 37
92 40
12 73
71 87
48 78
78 34
11  2
48 81
33 89
11 95
70 18
10 75
33  4
57 52
35 25
 3  1
 4 84
38 25
59 43
54 75
 0 84
11 32
73 92
44 90
88 53
 1 16
95 19
41  1
66 81
94 11
47 89
79 33
74 86
39 92
66 95
37 69
89 21
89  9
 8 84
81  9
 5 59
38 27
85 19
72 57
72 47
95 39
89 68
 6 16
45 12
23 95
33  2
41 22
76 54
50 86
27 11
71 46
73 73
70 53
52 79
88 74
75  4
66 85
41 81
48 90
53  9
71 11
70 33
53 84
79  0
81 15
79 30
90 89
35 42
53  3
57 83
17 11
 1 73
73 57
42 87
73 84
79 70
89  8
70 26
12  6
48 72
75 95
 2 81
26  7
35 22
 0 16
75  1
14 12
52  8
90 50
58  1
71 10
92 67
62  8
56  6
43 70
65 50
56 70
46 11
18 92
36 33
35 73
78 79
30 95
65 70
86 10
71 36
95 44
44 33
81  4
72 28
77  0
70 72
83 90
35 87
14  3
37 29
82 24
71  6
20 90
69 94
79  7
79 56
80 36
49 81
67 73
81 92
87 21
76 57
 8 70
57 95
70 71
64 16
59  6
 1 42
81 19
53 75
26  8
53 82
47 81
57 89
34 16
94  3
11 13
23 11
75 88
52 27
27 88
90 12
 4 68
57  5
16 92
22  4
57 47
39 26
18 88
83 32
54 68
78  2
 2 29
 9 57
44  0
72 59
38 37
94 88
40 74
68 67
34 43
10 73
16 93
11 90
75 23
47 23
89 12
42 56
25  2
38  1
 9 60
35  0
72 40
40 21
52 65
38  7
 4 42
71 44
25  5
 4 86
13 12
37 95
10 33
84  2
68 77
40 39
89 88
88 77
68 89
70 57
 9 85
74 78
52 82
84 40
82  2
12  3
41 62
57 46
 0 86
89 56
69 92
93 17
43 74
56  8
 6 56
79 73
57 10
93 56
44 57
49 18
88 28
 2 10
66 35
74 38
 4 82
67  9
92 25
49 12
50 31
58 93
59  1
71 30
68 43
62  2
 4  0
46 32
 6  6
72  8
52 13
52  6
78 38
 8 12
73 39
73 91
 9  0
80 94
89 87
34 58
19  9
44  7
42 94
 0 52
78 36
51 94
45 91
80  0
85 54
42 61
94 78
10 65
53  6
63 21
48 33
40  4
86 28
38 12
73  8
92 24
80 41
59 13
 2 59
12 91
92 32
23  8
43 55
14 14
 8 28
66 56
86 64
38  8
69 49
 0 82
 1 25
11 14
65 87
37 94
75 20
 3 34
64 88
85 44
12 24
34  6
55 23
64 10
72 78
44 56
88 20
40 41
75 49
 1 69
 8 23
88 52
93 19
70 11
77 20
 5 65
 1 67
35 36
39 14
 5 83
38 69
10 85
31 94
69  5
64 35
73 62
95 29
54 81
31 91
66 69
85 41
76 62
 1 18
83 15
91  8
95 66
66 74
39 39
14 89
 8 31
86 95
79  6
21 11
 6 26
15 88
37 77
73 54
42 38
 6 92
69 48
59 51
79 32
 0  7
63 13
 4 60
24 91
67 49
13 84
31 95
76 59
 8 16
58 14
69  8
93  6
73 45
11  8
93 10
75 41
43  9
65 73
37  5
 6 20
 6 39
67  8
42 79
68 38
51 93
35 18
52 87
90 83
87 61
28 93
60  0
44 10
55  9
76 74
86  1
27  8
83 88
33 84
37  4
35 69
57 20
65 56
72 73
71 25
68 20
95 23
 8 67
92 78
18 86
57 13
 4 11
47 67
 6 55
76 36
67 80
53 90
61  9
 6  4
87 91
25 13
19 90
42 24
11 89
23  3
45 27
52 16
35 33
67 76
39 63
11 19
54  1
77 16
 2 34
74 40
53 65
60 71
72 46
 6 68
95  7
 4  7
91 88
35 58
37 14
36 14
37  0
48 16
 1 21
86 88
 0 66
38 93
24 83
38 50
68 44
40 93
47 79
57 94
37 43
70 86
43 93
89 66
46 30
58 42
46 64
51 30
37 44
67 84
68 86
60 78
87 41
40 34
72 44
71 49
56 78
36 38
54 11
53 81
82  6
30 93
92 86
16  0
55 88
76 12
37 82
35 26
88 94
 2 13
94 70
18 83
67 95
34 36
63 77
28 82
22 86
81 35
58 73
72  9
85 23
87 89
54 22
 3 23
50 26
69 95
67 75
47 30
66 79
95 15
51 28
24  4
66  0
80 61
 3 25
35 56
92 61
86 74
10 34
76 70
19  2
61 85
15  7
31 14
58 85
90 85
24 82
34 60
59 73
53 10
81 74
38  3
73 90
41 95
 6 65
65 48
51 64
73 68
71 17
63 90
47 70
 2 69
84 11
49 72
19 95
74  5
63 56
 2 86
93 24
15 85
41 94
71 42
48 12
49 89
74  2
40 35
81 55
60 81
79 45
43 62
70 63
81 40
35  1
74 28
87 73
46 34
61  7
95 33
 8 33
 1 76
70 52
43 18
54 13
91 83
76 27
61 95
68 84
95  3
93 21
60 21
92 56
48  6
93 86
44 65
36 43
36 73
70 61
80 30
17 89
43 72
39 19
 5 85
29  0
59 74
93 15
36 82
44 35
53 70
56 17
 6  0
89 94
76  3
34 11
74 76
82  3
62 39
36 17
39  5
42 19
54  6
39 70
77 57
46 14
35 10
88 71
53  2
24 84
89 11
31 92
 3 86
32 13
42 16
 0 35
30 89
 9 93
74 25
72 51
27  5
72 85
32 87
74 93
45 23
78 47
80 33
74 23
 6 15
63 91
50  3
33 10
88  7
79  9
 8 76
34 54
39  1
48  1
95 54
67 81
48 68
74 34
95 53
94 71
65 53
71 63
38 67
11 21
84  0
 5 80
57 42
12 93
83 48
25  9
10  8
52 76
79 39
 9 87
36 91
29  1
23  9
 6 19
70 48
 8 94
 5 12
94 25
29 89
46 79
 2 41
81  8
61  5
46  2
18  6
12  8
48 75
34 52
79 28
91 43
 2 33
93  8
54  0
88  5
53 85
 8 35
48 31
46 26
31 10
36 53
24  2
89 74
74 53
66 91
38 29
67  0
59 72
 3 79
41  5
95  2
 2 66
58 53
72 16
39 88
21  6
32 83
67 91
39 23
 4 95
76 69
37 52
43 10
55 12
 2  7
74 43
52 90
67 42
93 52
38 39
51 27
57 90
36 29
45 85
 6 88
45 87
38 64
54 20
88 76
35 28
76 42
60 16
92 19
88 41
82 26
38 76
66 51
82 75
73 33
68 82
48 93
40 20
64 23
85  2
64 43
26  9
34 94
88  2
27 94
35 32
73 34
87 76
 8 27
90 56
41 74
 7 56
36 63
54 74
 3 43
83 56
 5 75
 4 56
 3 21
32 84
 2 23
24  9
17 92
48 24
40 87
 9 94
68 18
31  1
71 24
 6 29
 1  1
51 10
89  4
82 57
28  7
35 93
78 65
58 10
23 91
42 65
40 36
74 37
 2 51
81 49
 0 69
39 33
83 57
27  3
46 24
85 51
71 23
87  2
59 19
72 86
13 11
29  8
93 51
84 46
41 39
74  6
34 26
52  0
73 74
81 83
74 56
23 94
86 25
12 83
59 44
 8 32
95 74
 4 21
38 58
93  7
90 32
59 41
28  6
40 68
87 83
53 93
65 58
67 43
60 53
49  1
71 95
44 34
53 71
13 14
34 38
11 86
83  2
79 93
25 11
52 14
30 92
45 94
14  9
79 20
80  9
26 84
10 26
81 20
55 94
65 45
 6 21
39 51
43 59
75 63
71 21
80 39
44 95
84 43
91 14
 4 85
27 83
30  2
 0 49
70 20
28  1
10 88
 8  4
48 28
38 13
75 94
54 26
43 83
 0 34
84 29
 6 83
15  1
82 61
 9 73
37  3
13 83
70  2
81 42
48 66
93 76
68  5
39 38
 2 31
90 15
28 13
43 63
 1 28
66 53
49 31
64 70
43 67
77 45
18 84
35 91
58 76
35 52
35 46
38 83
50 95
49 85
 1  3
53 13
37 39
70 40
36 44
47 14
17  5
 7 65
56  3
63 47
23  2
36 81
86  8
 6 23
85 25
 4 79
89 18
79 34
75 69
24 11
51 25
68 45
63 84
66 71
95 83
78 37
47 82
28  3
78 57
77 11
89 70
39 77
30 10
68 62
78 49
91 22
78 39
82 90
91 87
64 89
90 27
90 88
68 21
46 12
 6 82
84 51
66 27
 8 75
24  5
50 71
 9 12
47 78
44 63
88 61
61 92
71 67
85 92
75 27
76  5
94  9
46 68
55 92
77 31
70 67
45 61
26 87
51 92
73 16
59 93
56 13
69 34
11 93
61 51
10 76
52 84
83 87
51  8
43 79
92 21
 4 15
93 45
31 82
78 19
63 36
34 48
46  5
72 84
39 37
83 50
34  2
77 91
94  6
37 40
33  0
72 95
 2 19
69 45
67 27
55 48
 3 16
 0 61
40 18
42 11
42 71
92 83
77 34
79  8
78 68
17 82
48  0
94 17
 8 81
76 14
41 33
 0 41
84 39
76 61
56 18
17 94
35 86
64 42
 4  8
56 68
11 87
35  9
50 27
92  2
93 53
54 71
61 48
61 47
79 22
78  4
69 56
87 74
 4  2
88 79
77 65
 0 42
43 22
88 56
76 13
29  6
 1 85
91 63
85  7
44 29
18  8
 9 71
87 48
69 12
 6 87
69  7
54 10
92 23
38 20
82 77
77 12
17  2
82 72
54 15
74 13
 6 73
95 17
84 44
38 72
32 14
89 85
83  6
91 50
17 86
52 22
34  8
67  1
 3 81
34 18
61 38
44 71
76 90
45 33
40 82
67 26
49 25
84 47
92 75
11 69
31 85
87 93
36 39
87 57
12 65
68 56
40 54
80  6
36 51
65 78
88 73
76 48
49 21
28  0
72 93
39 17
34 44
74 52
10 67
90 13
62 13
26 91
12 94
61 88
14 88
51  4
94 24
48  2
17  1
35  6
72 80
 4 23
63 69
69 74
 5 20
58 48
83 20
67 77
50 23
78 66
40 56
61 49
38  4
62 55
 2 36
92 11
92 41
87 79
73 69
49  2
65 18
41 67
91 27
 7 85
61  8
 7 34
58 70
23  5
75 29
84 21
73 23
76 33
 1 32
42 28
32 82
46 86
 3 91
59 50
85  8
95 94
 8 59
 2 53
72 75
21  9
39 25
 7 86
 1 74
62 83
73  0
81 13
65 17
 0 10
84 30
10  1
39 89
67 79
80 82
68 85
 7 55
37 73
79 68
91 91
88 32
55 81
 0 87
61 22
48 27
52 10
12 12
42 72
35 66
68 75
67 13
62 21
74 64
11 26
74 42
79 27
76 63
72 81
10 32
55 86
64  9
64 24
77 19
84 54
69 19
44 31
68 63
87 92
39 85
82  0
93 34
55 14
71 35
64 85
13 90
59 88
47 29
70 16
87  4
76  1
88 89
72 14
76 34
72 10
38 89
77 85
 0 89
68 33
70 82
 2 32
69 11
37 72
26 88
60 14
21  0
56 46
11  1
91 65
58 11
93 48
47  4
78 78
75 14
67 48
60 24
53 79
34 23
 9 19
 6 59
43  2
15  6
19 13
17  9
67 44
38 43
55 82
75 84
55 74
21  3
62 44
79 50
81 52
 6 34
89 30
48 64
62 40
 9 24
91 40
63 51
37 68
 7 90
26  0
 4 10
48 71
26  4
16  1
81 16
94 16
71 92
 0 94
87 39
44  4
 1 70
25  6
 1 15
30 91
27  4
72 25
79 15
84 41
95 93
41 21
81 79
 3 30
37 89
10 18
93 78
63 38
66 14
95 72
68 11
85  9
52  1
 1 95
34 13
68 36
44 93
54 94
92 71
45 92
 9 28
76 29
40  1
 9 34
61 23
73 55
63 94
81 38
35 38
73 12
50 14
50 83
71 50
56 23
61 44
 9 65
43 33
43 86
42 74
65 20
87 51
 3 61
58 81
40 23
82 34
79 44
40  8
16 87
39 93
35 90
64 57
87 95
29 84
35 62
21 86
19 87
65 93
 5 73
85 43
15 11
84 48
51 89
17  0
75 42
87  3
67 15
40 13
75 36
56 24
 3 32
19 12
 0 55
53 26
63 55
55  6
34 61
64  8
54 93
59 11
49  4
37 55
 1  6
43  3
88 14
73 87
38 55
80 68
93 69
52 88
91 15
63 73
61 10
27 90
45 93
46  9
49 79
58 51
 2 80
34 51
74 81
86 70
16 88
18 94
73 76
69 50
88 90
43 61
87 78
19 92
16 94
80 46
88  3
85 15
15  3
68 88
93  9
82 39
41 64
68 78
38 92
 6 24
37 24
81 12
45 68
87 42
22 82
50 16
65 68
53 76
89 28
20  7
77 95
67 89
85 60
75 35
52 24
50 94
85 49
16 82
89  5
77 62
 5 10
78  3
55 72
38 75
19 84
93 79
72  1
68  7
50 67
89 91
 3 53
37 22
39 59
75 39
45 14
15 89
12 27
16 89
 1 11
28 11
76 41
76 40
64 83
24 90
37 21
53 11
21 89
49 66
 5 21
34 83
60 52
53 15
37  8
36 89
70 95
48 20
95 12
 7 16
70 23
87 65
46 78
41 55
70 10
11 25
77 92
14 83
42 88
92 46
36 78
64 53
93 20
93 16
41  6
 8 10
80 32
93 25
72 41
64 50
71 53
80 88
 9 84
90 76
79 29
42 55
31 83
 8 87
55 27
13 10
93 93
53 92
68 14
82 45
63 82
83 94
87 75
42 68
95 28
71 29
33 90
36 94
 8  0
76 68
 9 89
80 81
52 47
84 55
51 85
78 11
39 94
82 14
37 71
58 87
10 62
41 14
 2 74
56 79
83 25
18 95
78 50
67  3
70 83
42 34
 1 27
60 92
84 32
49 28
41 83
54 72
37 27
12 25
87 67
79 71
 1 33
 6 77
35  8
16  6
43 77
41 88
80 65
44 83
71 48
 7 39
64 39
58 47
41 79
 7 11
45 67
 2 91
 2 64
73 65
62 37
30 12
79 58
83 61
87  0
 1 14
70 28
76 58
53  4
90 90
70 54
 7 70
69 41
16 85
 3  6
11 76
67 14
23 10
 1 81
36 86
66 46
29 92
93 85
37 33
82 41
72 24
84 57
43 30
24  8
78 67
 1  0
46 60
41 82
63 83
71 14
87 27
86 66
70 34
73 48
35 12
90  2
41 10
91 73
49 80
63 57
 2 12
66 77
51 88
 5  7
76 65
 7 58
48 87
 5  5
72 56
62 23
63 45
72 29
66 73
 4 41
39  3
54 84
95 43
92 93
17 93
 9  7
42 29
 5 26
67 16
93 89
75 70
36 11
82 29
78 72
 9 70
48 80
67 78
77 50
 7 78
58 19
31 84
79 67
81 39
40 58
42 22
15 14
95 30
56 19
13 94
32  0
39 60
 2 61
 0 75
70 44
38 54
40 85
 7 69
66  3
31 12
34 63
82 50
10 22
77  9
35 35
64 78
67 11
68  3
32 89
41 41
82  8
78 13
92 13
12 29
66 59
91 23
90  9
68 23
 9  6
70 30
 9 88
64 21
42 66
51 14
61 17
70 12
 2 11
41 69
77 67
49  6
69 69
93 44
 4 52
43 28
25 89
18 90
10 89
46 94
 6 27
52  4
58 80
35 19
91 86
30  4
74 63
45 15
53 27
35 92
42 63
46 20
95 25
57 22
82 49
51  6
55  5
22 84
22  7
69 46
35 54
20 95
44 37
77 48
83 42
90 31
72 54
56 92
67 59
52 15
51 87
77 43
40 79
29  4
95 75
85 85
48 89
69 44
45 75
37 35
52 19
41 92
78 24
47  2
75 53
 8 14
67 70
39 29
87 28
38  2
71 28
77  1
45 59
18 85
65 76
59 12
57 21
21 92
40 24
75 40
65 42
74 71
10 20
49 91
68 55
92 94
88 72
44 68
57 15
84 59
12  4
65 77
 4 33
 7 81
52  9
70 38
79 38
50 74
 2 43
69 23
23 93
38 42
54 91
48 94
95 78
 7 93
35 64
95 41
37 51
37 67
76 66
67 35
50 13
33 95
 2 38
81 44
40  2
 6 62
 2 82
69 38
62 41
92 80
71 85
36 75
60 91
30 94
 2  3
70  8
19 85
 2 57
79 48
86 93
78 52
56 87
58  8
41 36
40 69
85 56
38  5
84 64
69 61
73 15
 3 13
68 35
79 69
 2  8
95 38
79 31
34 87
70 75
 3 26
48 62
12 90
72 76
68 72
41 66
62  6
81 93
 5 79
43 20
68 24
77 84
37 31
 0 13
88 58
63  0
95 42
76 76
20  6
57 82
60 54
26 95
73  1
16 90
29 94
10  4
40 38
11  4
48 32
64 46
36 77
95 48
55 44
82 43
51  7
37 59
 1 17
68  1
66 15
51 17
44 38
58 20
50 73
40 59
43  6
31 11
49 73
11 83
51  1
52 85
74 48
37  2
57 93
71 47
49 62
78 63
56 69
48 22
47 62
65 91
79 24
73 67
74 89
 8 63
95 90
92 10
14 87
53 16
 5 38
77 83
19 93
88 40
61 52
 5 77
34 10
86 19
55 20
65 54
25 83
 0  6
 9 32
29  9
38 44
80  1
 3 68
43 60
77 23
36 32
 9 10
84  3
19 91
92  6
78 94
 5 68
71 34
46 81
93 70
62 24
32  9
64  5
10 35
27 87
65 59
69 68
59 95
70 25
52 91
52 69
36 83
28 92
38 59
77 14
36 61
44 94
69 17
67 86
89 19
66  9
94 80
 3 66
36 37
45  3
20  1
13  7
49 90
54  7
48 70
91  4
49  8
26  2
62 54
72 35
18 82
 7 72
43 90
90 95
77 24
82 51
19 88
 5  3
63 52
71 39
77 93
60 19
78 73
94 76
68 31
30  7
10 15
44 36
18 93
74 35
74 65
57 77
63  9
76 20
64 19
 2 26
87 80
55 84
40 55
41 77
11 65
82 25
 8 21
36 67
64 47
33 87
12 88
82 48
33 91
81 72
78 46
11 92
93  3
 9 22
80 51
73 40
46  0
 5 11
45 37
42 20
 1 87
 4  3
39 62
 1  8
27 95
88 75
 9 78
56 25
17 85
94  7
94 26
51 82
55 71
76 18
63 75
10 84
44 60
 1 53
93 62
68 48
 2 84
 6 67
76 78
71 74
22 91
74 27
 9 79
75 48
13 26
 4 16
71 73
94 93
 2 24
 5  2
43  0
62 56
70 69
86 24
77 72
81 61
91 30
80 13
12 23
 6 78
 2  5
55  2
55 90
 3  2
37 90
40 57
33  5
90  4
71 55
 9 31
12 68
 6 32
 3 78
 5 39
39 10
10 28
93 31
55 15
 8 58
58 41
11 94
67 51
46 63
57 51
52 86
 8 95
44 28
15 91
 9 11
91 54
 3 28
34 62
72 36
10 64
76 46
23 87
15 84
55 17
40 52
11  6
50  7
70 39
49 76
82 20
13 25
78 45
83 34
95 20
80 95
37 61
87 45
70 91
72 21
54 66
75 54
50 21
93 81
60 76
69 21
92 92
 1 60
42 33
48 14
49 20
 9 86
60 94
48 88
95 11
 9 17
 9 25
61 55
42 31
63 72
 7 12
56 89
55 75
72 33
 0 91
14  2
 4 55
48 86
 6 10
37 45
76 43
73 22
39 84
47 75
38 66
71 65
82 38
36 13
92 60
81 36
39 82
86 29
 6 25
35 11
67 56
78 54
 2 21
 1 54
90 46
49 74
 2  4
77 59
 9 91
 5 32
48  8
90 40
 6 12
49 82
38 88
82  7
91  7
46 35
71 81
89 84
 8 88
15  5
 1 66
46 10
81  1
43 21
42 59
85 57
25  3
91  9
 9 16
52 11
51 95
 3 51
79 64
62 76
52 17
 5 18
77 26
50 30
86 84
70 49
49 17
18 10
44  1
38  6
68 90
70 46
19 11
61 46
92 49
62  0
91 68
28  2
91 71
82 17
86 63
77 28
14 10
48 30
58 44
61 74
95 40
47 25
89 93
53  1
 1 13
41 19
73 63
44 66
71 71
89 46
95 81
46  8
34 28
62 48
80 10
42 39
63 24
70 19
81 77
95 57
 8 26
65 14
93 11
60 17
12 66
93 61
78 83
 4 94
27 85
80 27
43 24
34 33
95 91
39 67
10  6
67 24
33 94
 1 38
 5 27
85 95
82 89
54 24
35  2
50 15
84 76
57  8
76 45
41 12
80 48
65 49
76 26
65 44
41 90
42 32
13 81
63 81
55 13
88 60
63 43
46 92
91 90
82 30
39 31
94 29
22 11
67 83
 9 37
73 79
36 76
 9 66
42 76
 2 44
10  7
 4 27
76 72
52 71
12 72
48 67
14 93
55 77
66 70
73 38
40 22
 5 29
74 72
44 12
81 54
64 59
93 64
20  8
 8 34
62 79
56 71
61 20
 5 71
68 71
58 15
79 36
59 80
31  8
71 90
46 95
83  7
 9 69
91 82
95 79
46 29
80 43
78 74
68 40
57  9
82 87
75 22
53 47
 5 31
46 80
10 81
54  3
68 54
35  7
53 69
51  2
 6 31
65 35
35 21
 4 53
 4 71
43 91
57  3
73 25
55 24
29  5
 9 30
74 39
68 25
74 54
88 78
 4 54
47 10
34 67
48 29
90 86
69 59
17 91
 4 76
35 13
47 92
75 31
36 71
65 24
62 72
88 50
32 86
16  8
13 13
65  2
59 18
44  5
69 72
89 48
65 39
69 81
42 67
45 72
78 64
45 21
55  0
21 95
39  2
44 21
75 15
10 27
 3 87
79 19
 5 66
67 39
36  9
81 88
12 89
15 90
 7 17
87 94
53 80
66 34
60 75
46 71
91 85
84 83
55  4
42 90
12  5
90 93
69 28
62 25
 1 55
62 73
50 12
71 54
37 18
43 37
46 22
 6  7
14  6
 1 68
59 54
59 53
 4 73
67 38
 1 90
46  1
 1  5
 7 29
27  9
67 37
79 18
85 89
62 88
52 21
40 70
76 11
65 41
34 79
28 10
 5 69
34 88
 7 36
38 53
48 10
 2 27
80 64
 9 95
51 79
 3 70
89 89
44 84
72 27
48 77
93 88
83 45
 2 79
81 17
57 14
44  3
54  8
27 82
43 65
46 36
34 84
34 57
46 17
56 76
65 51
50 90
71  4
57 43
21 87
49 23
87 56
44  8
64 84
82 19
71  3
36 21
51 26
36 24
 0 11
39 11
35 49
54 28
81 58
50  8
50 11
54 92
53 29
56 85
52 64
 3 42
35 34
91 93
64 48
87 64
75 91
80 69
51 24
65 69
34 72
10 23
39 83
54 18
72 64
92 17
 2 93
40 12
77 49
95 70
14 82
49 71
 3 73
35 76
 0 17
84 87
72 61
84 25
85 88
95 73
95  9
 8 69
90 58
90  1
44 61
65 23
74  3
73 14
43 39
11 27
94 67
 1 71
36 59
57 17
94 15
83 53
35 48
87 60
63 14
48 17
47 94
70 14
78  1
34 55
 9 81
94 91
87 10
43  1
35 88
84 53
91 75
35  5
83 78
39 20
45 62
 6 57
23 88
 3 57
55 69
 0 31
 0 14
16 91
 9 63
65 27
50  0
68 65
66 36
10 68
 2 87
24  3
58  7
 5 41
49 63
42 21
75 93
 1  9
80 31
43 25
 5 55
 5 64
84 35
69 37
22 87
60 15
 0 12
 6 38
71 82
36 40
93 55
10 63
69 88
50  4
40 64
64 76
 5  0
38 63
44  9
79 26
20 88
40 66
94 81
50 77
34 78
72 18
70  9
 5 86
 4 30
 6 40
 0  2
73 93
73  5
89  1
79 88
48 21
41 93
12  7
56 94
51 90
28 95
42 57
25 86
 6 94
56 83
35 65
29 85
64 55
92 88
92  7
93 74
70 13
69 10
21  4
 6 86
41 18
94 13
14 86
45 20
34 39
49 69
68 15
41 91
30 85
37 78
64 74
73 29
74 50
24  7
10 83
 0 32
73 71
 9 72
56 90
34 93
11 84
 9  8
48 18
45 64
85 40
 2  1
28 91
12 14
79 61
45  0
10 91
 3  5
26 10
75 76
66 52
 3 90
46 25
94 90
28 88
25 82
59 40
95 50
95 56
44 67
 7 92
 2 20
 1 61
78  6
41  8
77 29
13  2
47 87
36 16
71 80
67 40
66 21
35 85
79 53
88 44
62 49
90 79
 0 46
87 11
88  8
53 28
81 23
65 22
10 95
 9 36
41 73
47 77
74  4
48  7
50 80
 0 57
35 82
41 29
43 34
 7 76
46 74
27 89
37 36
47 15
54 70
93  0
73 13
 1 24
 6 79
 4 31
95 60
37 50
75 67
 8 65
48 26
80 59
11 23
92 14
89 50
45 66
51 71
11 61
69 33
67  7
57 16
22 85
45 88
 6 36
85 70
95 64
 0 39
46 65
94  1
46 67
57 19
72 20
 0 92
92 47
95 47
42  8
62 16
35 14
 0 44
93 38
51 66
88 43
59 89
67 60
94  2
71 12
49 84
 5  4
35 94
34  3
39 40
66 58
61 40
73 95
44 22
78 81
12 92
43 13
73 20
73 31
71 37
11 64
71  7
76 39
42 89
62 80
49  3
82 28
47 20
72  0
21  7
34 91
65 26
79  2
37  1
 1 86
77 13
76 25
16 10
75 47
24  1
84 94
37 58
56 80
88 22
37 91
83  8
25 93
95 52
76 37
71 76
84 89
87 13
 1 77
69  1
37 32
25 94
77  3
35 51
31 93
40 76
71 70
45 78
 3 37
48 95
40 89
 5  1
92 52
79 35
39 71
40 19
83  1
68 57
50  1
16 95
49 67
 9 82
73 75
83 43
41 72
21  8
95  0
10 86
57  4
56  1
16  4
73 94
64 41
72 58
83 60
 1 59
51 19
82 16
84  9
87 68
47  7
 1 50
 4 40
70 31
84 24
85 80
39 78
30  9
12 85
84 56
94  8
36 25
 1 44
 8 90
55 83
 8  8
36 50
 3 67
80 85
 9 77
18  4
75 72
 2 94
47 74
73 42
10 30
57 12
34 69
 5 57
69 78
59  9
51  3
61 18
29 12
62 10
43 56
86 72
57 76
69 22
41 58
66 57
47  8
54 88
94 83
89 71
17 10
22  2
43 95
92 12
49 65
78 82
76 52
56 20
28 87
40 67
65 92
66 18
54 69
36 56
75 66
73 24
40 75
60 82
 1 36
46 59
77 15
73 81
80 53
28  5
60 41
66 33
74 66
84 23
37 30
12 82
30  6
73 53
88 34
37 53
69 84
57 49
40 28
90 92
63 70
 2 15
88 88
47 66
62 12
77 21
63 17
21 84
 0 95
 3 54
22  6
68 26
76 31
77 87
85  6
86 30
77 37
84 15
59 45
66 48
11 62
 1  7
54 25
39 56
80 63
62 22
78 14
 1 65
42 35
76 32
 1 35
75  5
58 24
64 73
84 36
39 35
74  8
66 39
38 78
61 42
43 23
 1 39
74 22
52 12
 7 30
57 87
80  4
91 12
72 68
44 32
75 33
84 10
68 51
30 88
65 15
33 92
50 81
 4  5
83 83
70  3
39 18
82 67
19  1
20  9
70 59
71 72
41 57
73 82
43 35
28 84
43 92
86 32
59 79
93 36
41 68
43 87
44 14
88 87
87 90
71 94
94 82
61 16
24 85
37 65
 2 52
48 79
63  4
32  4
75 34
 0 19
36 22
55 10
 7 80
 0 38
37 11
60 79
68 60
 5 90
81 80
89 23
20  4
 3 24
38 90
54 67
12 64
76 91
44 64
 0 22
23  1
18 89
86 80
45 22
37 88
40 25
65 38
62 43
80 84
84 85
85 90
62  3
24 94
92 63
 0 53
79 78
51 29
23  7
15  4
69 20
33  7
30 14
66  4
47 21
36 20
69 76
54 45
34 30
 2 56
 0 93
67 57
90 28
40 42
 7 10
21 91
42 14
93 71
53 24
56  9
 0 37
35 67
71  9
70 58
15 13
20 11
61 54
19  4
41 13
47 61
77 33
 9  1
82 23
95 35
57  1
74 91
77 30
94 20
75 55
49 32
 4 89
27 13
 8 57
34 41
35 95
 0 85
15 82
74 70
77 63
91 11
66 17
38 71
58 72
43 12
44 78
36 62
44 73
20 84
84 88
63 41
83 16
38 62
 7 24
10 21
35 30
23 89
28 14
25 95
83 52
50 84
77 32
20 12
 7 71
84 84
42 69
74 74
73 44
44  6
81  2
36 34
40 10
54 27
82 95
94 69
37  9
26 92
69 82
12 84
 3 29
86 21
73 37
10 10
63 16
10 93
38 84
77 79
46 21
83 21
38  9
83 58
67 54
 4 38
70 17
64 92
52 75
91 13
89 41
81  6
38 68
55  8
77 82
 0 78
34  4
68 91
85 45
56  0
63 20
86 85
 4 67
67 36
85 42
73 28
39 27
95 45
39 75
 9  4
66 72
57 86
49 10
36  5
52 67
34 49
73 19
11 80
93  5
71 86
22  1
92 81
65 25
71 60
78 15
67 41
45 58
48 23
48 83
34 22
77 44
95 18
94 77
60 46
46 82
35  4
70 51
11 68
19 82
12 71
31 90
36 58
36 68
48 11
51 65
23 85
65 36
78 18
48 84
 1 75
39 68
46  3
42 10
36 88
52 81
78 29
41 70
80 29
21 90
90 87
69 13
 6 70
39  8
92 20
93 13
61 24
46 87
 8 92
48 73
95  5
88 19
53 20
84 18
 7 15
28 94
29 13
 4 87
36 30
55 49
95 31
71 51
72 50
50 17
18  1
48 92
78 16
 3 58
75 62
32  3
15 92
61 73
93 18
70 66
 9 74
74 49
39 61
61 43
57 45
76  0
37 87
75 68
86  9
87 25
40 63
 4 75
41 80
75 78
 0 77
91 25
63 40
93 33
70 42
37 12
72 15
47 86
44 91
60 48
47 65
53 91
89 24
36 42
83 51
65  3
85 52
45 80
 6  1
57 50
41 25
53 19
49 29
25 91
 0 26
40 60
55 46
69 77
34 21
13 88
46 84
82 84
37 42
 6 13
38 21
 1 40
50 70
 5 22
65 21
68 50
52 95
77 38
74 90
89  6
54 82
95 62
11 73
46 28
 5  9
12 70
77 35
53 25
38 22
54 89
48 65
75  8
83 38
74 33
51 18
91 36
 8 86
 3  4
26  5
 2 76
84 19
11  0
45 25
65 80
25  4
44 13
55 79
83 89
71 32
 2 25
24 88
37 34
78 23
83 80
 5 30
 7 68
62 52
52 80
49 70
38 81
55 80
67 92
60 74
10 74
37 60
 5 81
56 50
71 59
22  9
68 27
93 73
90 68
79  4
48 69
48  5
82 60
79  3
89 92
45 16
73 46
88 23
73 32
 7 74
69 53
58  3
45 70
36 93
 0 51
79 79
35 41
 6 75
 5 37
58 94
51 12
69 93
12 67
40 71
65 46
93  2
49 64
 0 83
78 32
10  0
76 71
 7  2
46 91
69 27
47  6
41 23
23  6
89 58
12 28
85 37
10 71
35 31
62 53
34 64
47 34
27  2
43 14
47 60
 9  5
68 53
85 72
82 85
52  7
 7 28
68  9
92 91
42 40
70 64
36 46
66 92
56 15
50 24
82 46
10 25
43 94
18  5
42 25
13 70
73 80
83 93
15  2
73 72
34  0
50 68
11 11
66 42
87 70
45  8
41 31
 1 12
52 94
77  2
58 13
 5 72
67 21
84 34
88 17
24 12
63 76
87 54
29 90
61 39
 2 18
 4 64
26 89
35 43
66 45
55 93
38 30
37 75
40 92
81 53
 0 54
93 83
87 16
47  3
67 74
73 47
44 79
75 18
32  6
66 41
27  7
39  9
39 80
50  6
91 18
87 32
45  1
37 20
71 56
47 80
63 48
18  7
78 86
79 40
68 95
 1 41
71 69
86 91
16  7
50 87
 6 33
56 44
62 19
 0 59
74 19
64 37
87 33
45 71
69 67
 3 60
37 49
78 84
49 22
53 87
23 90
59 90
72 32
45  7
51 81
90 94
53 89
 9 92
 4 59
64 40
38 70
34 90
92 85
38 28
 7  9
 3 72
 7 94
40 62
15 95
47  0
37 17
74 29
11  5
 3 36
54 83
 0  1
46 27
40 61
66 16
34 92
81 60
95 89
42 77
25 85
71 84
 1 31
51 74
69 87
26 85
87 31
93 30
76 93
78 21
49 92
 7  5
 2 75
13  4
88 27
50 88
 0 50
95 37
94 92
52  5
87 30
88 24
73 56
59 46
57 81
89 17
51 63
51 68
 4 63
 4 57
42  4
80 28
 2 40
84 70
57 44
53 17
74 92
 7 27
50 85
59 78
84 50
25 84
85 59
38 31
64 17
57 88
40  5
67 72
77 27
39 87
36 12
74 75
94 68
 3 41
 6 58
95 21
56 10
73 21
93 47
65 72
35 81
37 23
87 85
82 42
62 38
44 27
55 16
45 29
53 73
71 75
82 52
41 24
85 53
66 19
70 76
94 75
65 37
29 91
70 41
42 83
34 46
22 10
 5 56
63 10
67 28
33 85
13  9
90 63
40 72
18  3
 8 13
38 73
34 19
11 15
31 89
66 24
 9  3
 6 18
79 63
 3  3
83 24
33  9
39 95
66 26
12 26
95 80
 1 93
42 36
80 35
50 91
11 24
 3 65
78 56
20  5
85  1
54 19
80 86
91 78
54  5
70 22
70 36
72 26
44 82
71 13
92  1
46 31
72 39
30 82
77 18
63 58
94 28
85 87
29 93
71 64
32 85
75 59
38 14
79 54
73 49
34 56
35 44
26 83
93 43
22 92
10  2
51 80
47 64
59 10
36 52
41 71
 0 60
37 93
36 84
92 90
88 46
46  7
 6 81
81 34
15  9
36 57
34 40
58 12
 6 63
90  8
68 73
50  5
 8  7
45  6
45 26
 8 66
51 67
76 60
31  7
 3 59
59 23
51  0
69 90
39 55
32 90
94  4
58 52
10 72
89 65
83 40
49 83
71 19
27 92
75 56
67 68
83 36
47 12
 6 54
42 95
86 23
49  9
60 77
68 39
12 81
13 86
68 80
94 86
33 13
 5 36
36  2
38 94
36 87
 4 66
15 86
49 14
56 43
95 32
62 11
82 65
30 90
59 75
91 56
67  4
35  3
16 11
79 41
 8 62
45 24
11 70
66 47
87  1
61 72
43 82
85 38
29 14
38 23
 2 60
67 58
60 40
83 68
69 71
36 10
 2 90
59 42
12  2
72  3
49 86
51 83
39 13
42 85
74 11
11 33
91 10
48 25
55  3
53 48
82 94
67 94
60 95
 3 84
 2 65
 3 88
63 19
19  5
25  8
36 95
86  6
 5 17
16  2
 2 17
38 15
82 27
 2 70
80 62
79 37
85 93
35 20
 6 66
38 18
11 91
35 50
 6 11
52 25
 0 48
36 74
57  2
16 13
80 54
47 26
81 18
63 79
74 62
75 50
28 90
49 16
91 46
80 93
61 19
74 73
56  4
87 53
14  1
83 55
91  5
58 17
31 87
30 86
69 40
93 65
 3 39
 2  0
81 41
93 39
95 63
44 85
40  0
34 66
81 50
66 68
66 75
83 41
10 19
39 22
10  9
66 44
76 94
51 73
 2 62
13 27
69 36
67 18
90 82
72 11
38 80
94 95
84 92
92 87
76 82
83 85
53 72
59 17
52 72
92 70
69 70
47 84
64 54
85 46
 5 92
59 94
34 65
30 13
 1 43
33 12
78 70
80 12
67 90
62 18
80 37
60 86
81 43
88 18
 8 29
57 25
76  2
35 79
 7 62
83 10
10 80
79 94
58 50
57 91
95 88
65 74
93 92
77 86
39 52
56 45
66 23
35 84
35 78
30  5
 6 37
57 24
21 83
82 55
22 93
73 50
11 74
36 23
38 61
 8 61
93  4
56  2
88 68
34 35
59  8
93 12
 3 85
43 31
91 94
31  2
35 61
33 82
11 20
 4 69
40 81
 5 76
 1 94
40 53
76 64
75 65
39 66
72 69
39  6
 1 22
78 60
53 23
39  7
92 54
71 88
11 22
 1 80
 2 35
 6 60
58 75
45 76
58 84
47 24
95 26
62 46
55 26
35 71
90 91
20 92
20 82
69 57
64 18
72 30
73  9
65 79
94 14
 7 77
 3  0
84 95
68 34
46 62
39 74
45 13
83 92
39  4
81  3
82 10
58 92
79 16
34 86
81 90
43 64
95 76
89 63
76 24
91 16
85 50
36 35
37 66
40 11
 6 35
47 16
45 34
 3 94
41 63
63 89
 8 80
75 28
95 67
39 28
72 45
21  1
13 68
55 47
73 10
82 74
89 44
72 89
90 34
93 41
48 15
 0 70
34 42
12 22
69 55
75 19
 2 71
55 89
68 29
79 95
49 24
68 52
87 50
28  9
81 51
71 68
47 17
40 33
93 90
55 11
40 84
 5 67
42 62
80 92
 1 51
17 95
95 65
55 87
35 37
93 72
83 35
72 31
56 16
62 87
72 63
69 85
 6  9
 0 23
79 90
88  6
36 64
39 21
 0 30
65 71
13 87
60 23
71 91
34 70
67 45
31  5
34 45
65 52
81 95
40 27
44 58
87 63
26  6
85 55
75  3
88 16
77 88
51 23
 4 65
63 39
81 56
38 33
78 40
79 89
64 72
68 17
44 88
14  7
41 89
41 35
47 69
78 35
81 59
 7 83
50 10
56 49
70 21
72 13
 1 19
 7  7
41 34
34 77
32 11
41 86
82 70
56 21
18  0
71  8
70 24
78 93
43 88
 8 78
74 12
 2 63
77 53
46 72
70  6
84 60
81 14
30 83
39 65
15 81
56 48
75 26
88 92
37 38
39 53
79 74
68 93
 4  4
40 26
39 36
 3 33
14 94
80 87
34 31
 4 90
 4  9
71 62
59  0
25 12
72 12
84  1
35 23
46  4
 8 25
39 81
76 55
84  7
87 14
83 49
34 24
92 84
45 84
95 49
92 35
42 13
 9 29
44 26
 1 82
41 38
14 91
13 89
 5 40
53 67
84 79
37 92
68 47
95 46
54 47
79 76
83 74
 2 50
69 25
72 67
85 20
22 12
86 87
32 91
89  2
29 10
45  2
48  3
62  9
63 23
52 26
45 86
53 86
68 41
67 23
51 16
45 11
66 10
83 37
85 74
87 77
22 95
36 49
67 88
49 78
67 34
39 41
42  6
58 82
95 55
 1 29
 1 88
53 88
95 14
59 22
 3 40
55 25
51 86
58 46
93 46
68 22
68 61
42  1
64  0
90 67
74 61
36 70
21 88
95 51
59  7
30 84
58 45
41 61
89 40
 3 89
 0 62
43 11
 5 28
 3 80
59 52
37 63
57 80
62 84
41 56
 8 68
91 76
66 80
62 82
 6 84
78 30
84 37
78 27
57  0
63 71
79 92
48 34
89 34
 7 87
82 66
89 83
33 14
37 70
67 46
50 25
65  6
39 64
25 90
84 61
80 55
34 50
72 92
84 69
46 33
47 33
17 84
42 73
91 81
47 83
72 62
95 92
83 26
 6 85
 6 90
20 85
 2 95
20 94
 3 35
72 94
16  9
34 73
44 80
 8 74
63 42
88 36
40 80
64  6
69 18
56 12
70 85
 2 77
64 51
78 26
54 49
40  7
28  4
72 43
35 59
83 27
36 66
95 59
89 73
70 81
92  0
 4 13
41  7
45 63
54 16
 0 20
 5 62
54 76
79 23
35 60
34 82
25 92
10 60
44 72
27  6
92 89
 5 13
52  3
43 81
78 76
40 17
76 75
26 86
36 79
64 71
84 74
32 92
62 70
31  3
84 16
48 13
35 53
34 75
33 86
83 11
46 70
11 12
72 71
67 62
70 88
37 37
89 27
64 75
83 76
38 26
26  3
14 81
89  3
75 30
88  0
 5 91
69 39
17 13
37 28
78 33
83 44
 7 23
62 75
10 66
94 85
 4 61
86  4
44 15
48 61
45 60
75 73
92 36
15 10
 9 23
36 45
 4  6
41 20
29 87
49 94
47 90
23 12
53  8
 4 32
47  9
77 94
14  4
87 47
66 93
 6 80
74 44
45  5
72 22
59 82
72 37
37 74
77 81
37 41
63 53
36 54
80 89
72 48
75 75
95 36
75  9
84  8
74 59
76 92
 7  3
11 82
 0 33
59 47
69 32
68 76
71 78
28  8
23 13
71 31
24 95
77 68
33 93
87 55
 8 19
22 94
43 85
 0 81
15  8
 1 37
78 20
 0  3
74 18
93 22
62 50
91 28
95 87
 7 20
90 36
70 68
75 60
72 79
56 73
 7 82
70 70
37 83
74 85
76 53
40 91
43 69
11 67
80  8
10 77
83 72
36 26
23 82
41  0
58 43
53  5
 2 83
81 73
88  4
39 15
52 78
43 29
88 15
47 71
85 13
65 43
91 38
57 84
86 67
50 82
91 72
36 36
76 22
65 40
91 79
78 48
82 56
89  7
 7 38
83 63
72 91
 0 58
67 67
 8 38
93 14
58  5
18 87
54 95
63  8
58  4
78 12
39 32
77 80
68 87
 1 63
46 76
49 77
73 36
66 25
11 66
43  5
40  9
68 58
70 50
60  4
70 35
20 13
37 10
50 62
25  7
67 53
54 23
83 69
89 61
11  7
 7 88
32  2
 5 53
38 60
66 20
54 48
82 69
38 56
19  0
 7  8
72 55
70 79
44 30
78 25
38 24
 8 17
83  4
60 18
24 93
91 70
71 20
12 69
54 87
84 13
 5 70
49 26
 7 91
79 60
 4 78
44 25
39 90
40 32
58 83
40 31
68 42
11 72
43 68
45 89
77 10
 2 73
72 53
56 81
80 38
22 13
80  2
60 80
58 78
69 26
75 64
61 71
79 55
59 81
64  2
 4 22
79 87
43  8
87 62
33  6
39 58
67 50
81 10
67 22
22  5
58 21
47 93
14  5
36  8
87 20
94 87
36  1
88 21
76 47
89 13
83 23
95 77
 0 24
20 91
35 75
81 82
61 15
90 80
50 64
53 14
 5 33
 3 11
67 71
48 82
85 47
70  7
56  7
 8  3
 2 14
70 37
67 25
67 69
25 87
53 83
26 90
73 60
81 37
 2 28
69 54
77 66
84 72
74  0
87 36
36  3
81 57
36 60
35 70
34 95
69 52
 2 78
 0 25
85 39
73 70
12  9
 2 55
50 28
42  0
 7 22
36 69
29 88
80 67
77 51
92 53
73 18
12 11
69  4
56 93
 5 14
 3 62
35 72
42 75
 7 32
41 27
43 15
41 75
30  8
92 58
81 81
70 80
89 22
 0 28
46 16
65 60
68 16
 6  5
19  3
74 57
 5 63
73 30
13  6
44 81
 9 90
75 44
18 13
 5 24
58  9
20  0
68  8
67 52
 4 37
68  0
 2 92
58  2
 1  2
53 68
82 93
55 45
 3 76
65  0
